20220419_aasmasen_A_fjernet_ektra_punkt.bin
         5.00
11
0
Type of measurement (0=app. resistivity,1=resistance)
1
720
 2
0
4  0.00  0.00 225.00  0.00 75.00  0.00 150.00  0.00 0.94219 
4  0.00  0.00 210.00  0.00 70.00  0.00 140.00  0.00 0.97716 
4  0.00  0.00 195.00  0.00 65.00  0.00 130.00  0.00 1.00901 
4  0.00  0.00 180.00  0.00 60.00  0.00 120.00  0.00 1.03770 
4  0.00  0.00 165.00  0.00 55.00  0.00 110.00  0.00 0.97970 
4  0.00  0.00 150.00  0.00 50.00  0.00 100.00  0.00 1.07658 
4  0.00  0.00 135.00  0.00 45.00  0.00 90.00  0.00 1.07340 
4  0.00  0.00 120.00  0.00 40.00  0.00 80.00  0.00 1.22451 
4  0.00  0.00 105.00  0.00 35.00  0.00 70.00  0.00 1.36555 
4  0.00  0.00 90.00  0.00 30.00  0.00 60.00  0.00 1.36918 
4  0.00  0.00 75.00  0.00 25.00  0.00 50.00  0.00 1.86657 
4  0.00  0.00 60.00  0.00 20.00  0.00 40.00  0.00 2.25939 
4  0.00  0.00 45.00  0.00 15.00  0.00 30.00  0.00 3.08255 
4  0.00  0.00 30.00  0.00 10.00  0.00 20.00  0.00 4.22398 
4  0.00  0.00 15.00  0.00 5.00  0.00 10.00  0.00 9.12329 
4  5.00  0.00 230.00  0.00 80.00  0.00 155.00  0.00 0.96875 
4  5.00  0.00 215.00  0.00 75.00  0.00 145.00  0.00 0.92895 
4  5.00  0.00 200.00  0.00 70.00  0.00 135.00  0.00 0.99350 
4  5.00  0.00 185.00  0.00 65.00  0.00 125.00  0.00 1.02829 
4  5.00  0.00 170.00  0.00 60.00  0.00 115.00  0.00 1.06366 
4  5.00  0.00 155.00  0.00 55.00  0.00 105.00  0.00 1.04938 
4  5.00  0.00 140.00  0.00 50.00  0.00 95.00  0.00 1.11555 
4  5.00  0.00 125.00  0.00 45.00  0.00 85.00  0.00 1.21280 
4  5.00  0.00 110.00  0.00 40.00  0.00 75.00  0.00 1.45165 
4  5.00  0.00 95.00  0.00 35.00  0.00 65.00  0.00 1.54138 
4  5.00  0.00 80.00  0.00 30.00  0.00 55.00  0.00 1.70993 
4  5.00  0.00 65.00  0.00 25.00  0.00 45.00  0.00 2.30333 
4  5.00  0.00 50.00  0.00 20.00  0.00 35.00  0.00 2.61304 
4  5.00  0.00 35.00  0.00 15.00  0.00 25.00  0.00 4.91063 
4  5.00  0.00 20.00  0.00 10.00  0.00 15.00  0.00 10.81363 
4  10.00  0.00 235.00  0.00 85.00  0.00 160.00  0.00 1.01236 
4  10.00  0.00 220.00  0.00 80.00  0.00 150.00  0.00 0.98950 
4  10.00  0.00 205.00  0.00 75.00  0.00 140.00  0.00 1.03522 
4  10.00  0.00 190.00  0.00 70.00  0.00 130.00  0.00 1.08840 
4  10.00  0.00 175.00  0.00 65.00  0.00 120.00  0.00 1.09637 
4  10.00  0.00 160.00  0.00 60.00  0.00 110.00  0.00 1.07256 
4  10.00  0.00 145.00  0.00 55.00  0.00 100.00  0.00 1.15264 
4  10.00  0.00 130.00  0.00 50.00  0.00 90.00  0.00 1.22426 
4  10.00  0.00 115.00  0.00 45.00  0.00 80.00  0.00 1.42115 
4  10.00  0.00 100.00  0.00 40.00  0.00 70.00  0.00 1.42024 
4  10.00  0.00 85.00  0.00 35.00  0.00 60.00  0.00 1.63173 
4  10.00  0.00 70.00  0.00 30.00  0.00 50.00  0.00 2.06234 
4  10.00  0.00 55.00  0.00 25.00  0.00 40.00  0.00 2.74283 
4  10.00  0.00 40.00  0.00 20.00  0.00 30.00  0.00 4.62325 
4  10.00  0.00 25.00  0.00 15.00  0.00 20.00  0.00 21.21655 
4  15.00  0.00 225.00  0.00 85.00  0.00 155.00  0.00 1.04812 
4  15.00  0.00 210.00  0.00 80.00  0.00 145.00  0.00 0.99945 
4  15.00  0.00 195.00  0.00 75.00  0.00 135.00  0.00 1.10417 
4  15.00  0.00 180.00  0.00 70.00  0.00 125.00  0.00 1.15155 
4  15.00  0.00 165.00  0.00 65.00  0.00 115.00  0.00 1.10975 
4  15.00  0.00 150.00  0.00 60.00  0.00 105.00  0.00 1.20641 
4  15.00  0.00 135.00  0.00 55.00  0.00 95.00  0.00 1.18464 
4  15.00  0.00 120.00  0.00 50.00  0.00 85.00  0.00 1.35313 
4  15.00  0.00 105.00  0.00 45.00  0.00 75.00  0.00 1.52005 
4  15.00  0.00 90.00  0.00 40.00  0.00 65.00  0.00 1.64783 
4  15.00  0.00 75.00  0.00 35.00  0.00 55.00  0.00 2.15389 
4  15.00  0.00 60.00  0.00 30.00  0.00 45.00  0.00 2.79276 
4  15.00  0.00 45.00  0.00 25.00  0.00 35.00  0.00 4.22991 
4  15.00  0.00 30.00  0.00 20.00  0.00 25.00  0.00 13.34478 
4  20.00  0.00 230.00  0.00 90.00  0.00 160.00  0.00 1.07505 
4  20.00  0.00 215.00  0.00 85.00  0.00 150.00  0.00 1.07365 
4  20.00  0.00 200.00  0.00 80.00  0.00 140.00  0.00 1.08635 
4  20.00  0.00 185.00  0.00 75.00  0.00 130.00  0.00 1.16432 
4  20.00  0.00 170.00  0.00 70.00  0.00 120.00  0.00 1.22666 
4  20.00  0.00 155.00  0.00 65.00  0.00 110.00  0.00 1.15428 
4  20.00  0.00 140.00  0.00 60.00  0.00 100.00  0.00 1.27313 
4  20.00  0.00 125.00  0.00 55.00  0.00 90.00  0.00 1.35704 
4  20.00  0.00 110.00  0.00 50.00  0.00 80.00  0.00 1.67718 
4  20.00  0.00 95.00  0.00 45.00  0.00 70.00  0.00 1.60402 
4  20.00  0.00 80.00  0.00 40.00  0.00 60.00  0.00 1.89892 
4  20.00  0.00 65.00  0.00 35.00  0.00 50.00  0.00 2.87646 
4  20.00  0.00 50.00  0.00 30.00  0.00 40.00  0.00 4.03222 
4  20.00  0.00 35.00  0.00 25.00  0.00 30.00  0.00 24.33869 
4  25.00  0.00 235.00  0.00 95.00  0.00 165.00  0.00 1.07369 
4  25.00  0.00 220.00  0.00 90.00  0.00 155.00  0.00 1.09601 
4  25.00  0.00 205.00  0.00 85.00  0.00 145.00  0.00 1.10884 
4  25.00  0.00 190.00  0.00 80.00  0.00 135.00  0.00 1.20071 
4  25.00  0.00 175.00  0.00 75.00  0.00 125.00  0.00 1.23648 
4  25.00  0.00 160.00  0.00 70.00  0.00 115.00  0.00 1.24587 
4  25.00  0.00 145.00  0.00 65.00  0.00 105.00  0.00 1.28475 
4  25.00  0.00 130.00  0.00 60.00  0.00 95.00  0.00 1.39132 
4  25.00  0.00 115.00  0.00 55.00  0.00 85.00  0.00 1.64064 
4  25.00  0.00 100.00  0.00 50.00  0.00 75.00  0.00 1.75198 
4  25.00  0.00 85.00  0.00 45.00  0.00 65.00  0.00 2.01166 
4  25.00  0.00 70.00  0.00 40.00  0.00 55.00  0.00 2.99835 
4  25.00  0.00 55.00  0.00 35.00  0.00 45.00  0.00 4.94923 
4  25.00  0.00 40.00  0.00 30.00  0.00 35.00  0.00 9.26218 
4  30.00  0.00 225.00  0.00 95.00  0.00 160.00  0.00 1.20551 
4  30.00  0.00 210.00  0.00 90.00  0.00 150.00  0.00 1.16416 
4  30.00  0.00 195.00  0.00 85.00  0.00 140.00  0.00 1.22282 
4  30.00  0.00 180.00  0.00 80.00  0.00 130.00  0.00 1.31030 
4  30.00  0.00 165.00  0.00 75.00  0.00 120.00  0.00 1.34361 
4  30.00  0.00 150.00  0.00 70.00  0.00 110.00  0.00 1.29982 
4  30.00  0.00 135.00  0.00 65.00  0.00 100.00  0.00 1.38169 
4  30.00  0.00 120.00  0.00 60.00  0.00 90.00  0.00 1.67810 
4  30.00  0.00 105.00  0.00 55.00  0.00 80.00  0.00 1.88838 
4  30.00  0.00 90.00  0.00 50.00  0.00 70.00  0.00 1.92028 
4  30.00  0.00 75.00  0.00 45.00  0.00 60.00  0.00 2.53448 
4  30.00  0.00 60.00  0.00 40.00  0.00 50.00  0.00 4.88200 
4  30.00  0.00 45.00  0.00 35.00  0.00 40.00  0.00 15.07823 
4  35.00  0.00 230.00  0.00 100.00  0.00 165.00  0.00 1.19054 
4  35.00  0.00 215.00  0.00 95.00  0.00 155.00  0.00 1.20059 
4  35.00  0.00 200.00  0.00 90.00  0.00 145.00  0.00 1.18122 
4  35.00  0.00 185.00  0.00 85.00  0.00 135.00  0.00 1.34263 
4  35.00  0.00 170.00  0.00 80.00  0.00 125.00  0.00 1.37398 
4  35.00  0.00 155.00  0.00 75.00  0.00 115.00  0.00 1.33533 
4  35.00  0.00 140.00  0.00 70.00  0.00 105.00  0.00 1.37454 
4  35.00  0.00 125.00  0.00 65.00  0.00 95.00  0.00 1.51308 
4  35.00  0.00 110.00  0.00 60.00  0.00 85.00  0.00 2.05245 
4  35.00  0.00 95.00  0.00 55.00  0.00 75.00  0.00 2.00672 
4  35.00  0.00 80.00  0.00 50.00  0.00 65.00  0.00 2.57707 
4  35.00  0.00 65.00  0.00 45.00  0.00 55.00  0.00 3.83362 
4  35.00  0.00 50.00  0.00 40.00  0.00 45.00  0.00 10.78827 
4  40.00  0.00 235.00  0.00 105.00  0.00 170.00  0.00 1.23825 
4  40.00  0.00 220.00  0.00 100.00  0.00 160.00  0.00 1.23582 
4  40.00  0.00 205.00  0.00 95.00  0.00 150.00  0.00 1.23227 
4  40.00  0.00 190.00  0.00 90.00  0.00 140.00  0.00 1.33278 
4  40.00  0.00 175.00  0.00 85.00  0.00 130.00  0.00 1.37438 
4  40.00  0.00 160.00  0.00 80.00  0.00 120.00  0.00 1.46801 
4  40.00  0.00 145.00  0.00 75.00  0.00 110.00  0.00 1.36318 
4  40.00  0.00 130.00  0.00 70.00  0.00 100.00  0.00 1.63107 
4  40.00  0.00 115.00  0.00 65.00  0.00 90.00  0.00 2.11419 
4  40.00  0.00 100.00  0.00 60.00  0.00 80.00  0.00 2.36102 
4  40.00  0.00 85.00  0.00 55.00  0.00 70.00  0.00 2.45972 
4  40.00  0.00 70.00  0.00 50.00  0.00 60.00  0.00 4.16468 
4  40.00  0.00 55.00  0.00 45.00  0.00 50.00  0.00 10.05173 
4  45.00  0.00 225.00  0.00 105.00  0.00 165.00  0.00 1.28377 
4  45.00  0.00 210.00  0.00 100.00  0.00 155.00  0.00 1.29011 
4  45.00  0.00 195.00  0.00 95.00  0.00 145.00  0.00 1.37360 
4  45.00  0.00 180.00  0.00 90.00  0.00 135.00  0.00 1.44443 
4  45.00  0.00 165.00  0.00 85.00  0.00 125.00  0.00 1.53859 
4  45.00  0.00 150.00  0.00 80.00  0.00 115.00  0.00 1.50471 
4  45.00  0.00 135.00  0.00 75.00  0.00 105.00  0.00 1.58200 
4  45.00  0.00 120.00  0.00 70.00  0.00 95.00  0.00 2.00945 
4  45.00  0.00 105.00  0.00 65.00  0.00 85.00  0.00 2.44981 
4  45.00  0.00 90.00  0.00 60.00  0.00 75.00  0.00 3.16318 
4  45.00  0.00 75.00  0.00 55.00  0.00 65.00  0.00 4.79097 
4  45.00  0.00 60.00  0.00 50.00  0.00 55.00  0.00 11.65709 
4  50.00  0.00 230.00  0.00 110.00  0.00 170.00  0.00 1.33240 
4  50.00  0.00 215.00  0.00 105.00  0.00 160.00  0.00 1.35502 
4  50.00  0.00 200.00  0.00 100.00  0.00 150.00  0.00 1.36204 
4  50.00  0.00 185.00  0.00 95.00  0.00 140.00  0.00 1.49563 
4  50.00  0.00 170.00  0.00 90.00  0.00 130.00  0.00 1.55690 
4  50.00  0.00 155.00  0.00 85.00  0.00 120.00  0.00 1.65289 
4  50.00  0.00 140.00  0.00 80.00  0.00 110.00  0.00 1.47691 
4  50.00  0.00 125.00  0.00 75.00  0.00 100.00  0.00 1.89947 
4  50.00  0.00 110.00  0.00 70.00  0.00 90.00  0.00 2.95002 
4  50.00  0.00 95.00  0.00 65.00  0.00 80.00  0.00 3.13680 
4  50.00  0.00 80.00  0.00 60.00  0.00 70.00  0.00 4.74374 
4  50.00  0.00 65.00  0.00 55.00  0.00 60.00  0.00 6.68905 
4  55.00  0.00 235.00  0.00 115.00  0.00 175.00  0.00 1.35543 
4  55.00  0.00 220.00  0.00 110.00  0.00 165.00  0.00 1.37487 
4  55.00  0.00 205.00  0.00 105.00  0.00 155.00  0.00 1.41615 
4  55.00  0.00 190.00  0.00 100.00  0.00 145.00  0.00 1.49696 
4  55.00  0.00 175.00  0.00 95.00  0.00 135.00  0.00 1.64671 
4  55.00  0.00 160.00  0.00 90.00  0.00 125.00  0.00 1.68808 
4  55.00  0.00 145.00  0.00 85.00  0.00 115.00  0.00 1.66510 
4  55.00  0.00 130.00  0.00 80.00  0.00 105.00  0.00 1.79338 
4  55.00  0.00 115.00  0.00 75.00  0.00 95.00  0.00 2.74164 
4  55.00  0.00 100.00  0.00 70.00  0.00 85.00  0.00 3.26229 
4  55.00  0.00 85.00  0.00 65.00  0.00 75.00  0.00 4.84851 
4  55.00  0.00 70.00  0.00 60.00  0.00 65.00  0.00 10.98112 
4  60.00  0.00 225.00  0.00 115.00  0.00 170.00  0.00 1.36323 
4  60.00  0.00 210.00  0.00 110.00  0.00 160.00  0.00 1.47472 
4  60.00  0.00 195.00  0.00 105.00  0.00 150.00  0.00 1.49279 
4  60.00  0.00 180.00  0.00 100.00  0.00 140.00  0.00 1.63763 
4  60.00  0.00 165.00  0.00 95.00  0.00 130.00  0.00 1.76288 
4  60.00  0.00 150.00  0.00 90.00  0.00 120.00  0.00 1.79910 
4  60.00  0.00 135.00  0.00 85.00  0.00 110.00  0.00 1.63436 
4  60.00  0.00 120.00  0.00 80.00  0.00 100.00  0.00 2.28590 
4  60.00  0.00 105.00  0.00 75.00  0.00 90.00  0.00 3.39971 
4  60.00  0.00 90.00  0.00 70.00  0.00 80.00  0.00 4.64592 
4  60.00  0.00 75.00  0.00 65.00  0.00 70.00  0.00 8.30743 
4  65.00  0.00 230.00  0.00 120.00  0.00 175.00  0.00 1.38180 
4  65.00  0.00 215.00  0.00 115.00  0.00 165.00  0.00 1.46538 
4  65.00  0.00 200.00  0.00 110.00  0.00 155.00  0.00 1.56000 
4  65.00  0.00 185.00  0.00 105.00  0.00 145.00  0.00 1.67703 
4  65.00  0.00 170.00  0.00 100.00  0.00 135.00  0.00 1.80681 
4  65.00  0.00 155.00  0.00 95.00  0.00 125.00  0.00 1.98101 
4  65.00  0.00 140.00  0.00 90.00  0.00 115.00  0.00 1.74950 
4  65.00  0.00 125.00  0.00 85.00  0.00 105.00  0.00 2.19406 
4  65.00  0.00 110.00  0.00 80.00  0.00 95.00  0.00 3.69480 
4  65.00  0.00 95.00  0.00 75.00  0.00 85.00  0.00 4.99678 
4  65.00  0.00 80.00  0.00 70.00  0.00 75.00  0.00 12.66304 
4  70.00  0.00 235.00  0.00 125.00  0.00 180.00  0.00 1.37237 
4  70.00  0.00 220.00  0.00 120.00  0.00 170.00  0.00 1.39372 
4  70.00  0.00 205.00  0.00 115.00  0.00 160.00  0.00 1.54549 
4  70.00  0.00 190.00  0.00 110.00  0.00 150.00  0.00 1.72824 
4  70.00  0.00 175.00  0.00 105.00  0.00 140.00  0.00 1.84730 
4  70.00  0.00 160.00  0.00 100.00  0.00 130.00  0.00 1.99432 
4  70.00  0.00 145.00  0.00 95.00  0.00 120.00  0.00 2.16477 
4  70.00  0.00 130.00  0.00 90.00  0.00 110.00  0.00 1.89314 
4  70.00  0.00 115.00  0.00 85.00  0.00 100.00  0.00 3.83786 
4  70.00  0.00 100.00  0.00 80.00  0.00 90.00  0.00 4.89290 
4  70.00  0.00 85.00  0.00 75.00  0.00 80.00  0.00 11.35757 
4  75.00  0.00 225.00  0.00 125.00  0.00 175.00  0.00 1.45896 
4  75.00  0.00 210.00  0.00 120.00  0.00 165.00  0.00 1.50043 
4  75.00  0.00 195.00  0.00 115.00  0.00 155.00  0.00 1.67417 
4  75.00  0.00 180.00  0.00 110.00  0.00 145.00  0.00 1.94171 
4  75.00  0.00 165.00  0.00 105.00  0.00 135.00  0.00 2.22168 
4  75.00  0.00 150.00  0.00 100.00  0.00 125.00  0.00 2.30734 
4  75.00  0.00 135.00  0.00 95.00  0.00 115.00  0.00 2.25901 
4  75.00  0.00 120.00  0.00 90.00  0.00 105.00  0.00 2.94518 
4  75.00  0.00 105.00  0.00 85.00  0.00 95.00  0.00 5.59086 
4  75.00  0.00 90.00  0.00 80.00  0.00 85.00  0.00 10.64035 
4  80.00  0.00 230.00  0.00 130.00  0.00 180.00  0.00 1.46182 
4  80.00  0.00 215.00  0.00 125.00  0.00 170.00  0.00 1.45489 
4  80.00  0.00 200.00  0.00 120.00  0.00 160.00  0.00 1.61534 
4  80.00  0.00 185.00  0.00 115.00  0.00 150.00  0.00 1.96020 
4  80.00  0.00 170.00  0.00 110.00  0.00 140.00  0.00 2.36395 
4  80.00  0.00 155.00  0.00 105.00  0.00 130.00  0.00 2.58183 
4  80.00  0.00 140.00  0.00 100.00  0.00 120.00  0.00 2.61154 
4  80.00  0.00 125.00  0.00 95.00  0.00 110.00  0.00 2.81121 
4  80.00  0.00 110.00  0.00 90.00  0.00 100.00  0.00 6.06814 
4  80.00  0.00 95.00  0.00 85.00  0.00 90.00  0.00 13.23441 
4  85.00  0.00 235.00  0.00 135.00  0.00 185.00  0.00 1.45095 
4  85.00  0.00 220.00  0.00 130.00  0.00 175.00  0.00 1.53856 
4  85.00  0.00 205.00  0.00 125.00  0.00 165.00  0.00 1.56576 
4  85.00  0.00 190.00  0.00 120.00  0.00 155.00  0.00 1.80469 
4  85.00  0.00 175.00  0.00 115.00  0.00 145.00  0.00 2.23577 
4  85.00  0.00 160.00  0.00 110.00  0.00 135.00  0.00 2.78777 
4  85.00  0.00 145.00  0.00 105.00  0.00 125.00  0.00 3.12112 
4  85.00  0.00 130.00  0.00 100.00  0.00 115.00  0.00 3.03485 
4  85.00  0.00 115.00  0.00 95.00  0.00 105.00  0.00 7.00509 
4  85.00  0.00 100.00  0.00 90.00  0.00 95.00  0.00 8.93043 
4  90.00  0.00 225.00  0.00 135.00  0.00 180.00  0.00 1.54702 
4  90.00  0.00 210.00  0.00 130.00  0.00 170.00  0.00 1.56507 
4  90.00  0.00 195.00  0.00 125.00  0.00 160.00  0.00 1.72694 
4  90.00  0.00 180.00  0.00 120.00  0.00 150.00  0.00 2.09391 
4  90.00  0.00 165.00  0.00 115.00  0.00 140.00  0.00 2.80586 
4  90.00  0.00 150.00  0.00 110.00  0.00 130.00  0.00 3.67330 
4  90.00  0.00 135.00  0.00 105.00  0.00 120.00  0.00 3.95942 
4  90.00  0.00 120.00  0.00 100.00  0.00 110.00  0.00 4.99795 
4  90.00  0.00 105.00  0.00 95.00  0.00 100.00  0.00 13.61290 
4  95.00  0.00 230.00  0.00 140.00  0.00 185.00  0.00 1.56974 
4  95.00  0.00 215.00  0.00 135.00  0.00 175.00  0.00 1.61147 
4  95.00  0.00 200.00  0.00 130.00  0.00 165.00  0.00 1.66000 
4  95.00  0.00 185.00  0.00 125.00  0.00 155.00  0.00 1.99229 
4  95.00  0.00 170.00  0.00 120.00  0.00 145.00  0.00 2.46448 
4  95.00  0.00 155.00  0.00 115.00  0.00 135.00  0.00 3.80723 
4  95.00  0.00 140.00  0.00 110.00  0.00 125.00  0.00 5.03518 
4  95.00  0.00 125.00  0.00 105.00  0.00 115.00  0.00 5.82303 
4  95.00  0.00 110.00  0.00 100.00  0.00 105.00  0.00 14.71532 
4  100.00  0.00 235.00  0.00 145.00  0.00 190.00  0.00 1.63012 
4  100.00  0.00 220.00  0.00 140.00  0.00 180.00  0.00 1.64154 
4  100.00  0.00 205.00  0.00 135.00  0.00 170.00  0.00 1.63392 
4  100.00  0.00 190.00  0.00 130.00  0.00 160.00  0.00 2.00846 
4  100.00  0.00 175.00  0.00 125.00  0.00 150.00  0.00 2.33942 
4  100.00  0.00 160.00  0.00 120.00  0.00 140.00  0.00 3.19062 
4  100.00  0.00 145.00  0.00 115.00  0.00 130.00  0.00 5.70786 
4  100.00  0.00 130.00  0.00 110.00  0.00 120.00  0.00 8.36732 
4  100.00  0.00 115.00  0.00 105.00  0.00 110.00  0.00 24.24361 
4  105.00  0.00 225.00  0.00 145.00  0.00 185.00  0.00 1.75632 
4  105.00  0.00 210.00  0.00 140.00  0.00 175.00  0.00 1.76323 
4  105.00  0.00 195.00  0.00 135.00  0.00 165.00  0.00 1.79188 
4  105.00  0.00 180.00  0.00 130.00  0.00 155.00  0.00 2.29855 
4  105.00  0.00 165.00  0.00 125.00  0.00 145.00  0.00 2.95157 
4  105.00  0.00 150.00  0.00 120.00  0.00 135.00  0.00 4.90849 
4  105.00  0.00 135.00  0.00 115.00  0.00 125.00  0.00 11.17030 
4  105.00  0.00 120.00  0.00 110.00  0.00 115.00  0.00 25.17363 
4  110.00  0.00 230.00  0.00 150.00  0.00 190.00  0.00 1.73494 
4  110.00  0.00 215.00  0.00 145.00  0.00 180.00  0.00 1.78999 
4  110.00  0.00 200.00  0.00 140.00  0.00 170.00  0.00 1.74409 
4  110.00  0.00 185.00  0.00 135.00  0.00 160.00  0.00 2.22751 
4  110.00  0.00 170.00  0.00 130.00  0.00 150.00  0.00 2.88286 
4  110.00  0.00 155.00  0.00 125.00  0.00 140.00  0.00 4.63083 
4  110.00  0.00 140.00  0.00 120.00  0.00 130.00  0.00 9.13375 
4  110.00  0.00 125.00  0.00 115.00  0.00 120.00  0.00 39.52740 
4  115.00  0.00 235.00  0.00 155.00  0.00 195.00  0.00 1.92108 
4  115.00  0.00 220.00  0.00 150.00  0.00 185.00  0.00 1.88140 
4  115.00  0.00 205.00  0.00 145.00  0.00 175.00  0.00 2.03133 
4  115.00  0.00 190.00  0.00 140.00  0.00 165.00  0.00 2.25039 
4  115.00  0.00 175.00  0.00 135.00  0.00 155.00  0.00 2.82395 
4  115.00  0.00 160.00  0.00 130.00  0.00 145.00  0.00 4.34820 
4  115.00  0.00 145.00  0.00 125.00  0.00 135.00  0.00 10.82066 
4  115.00  0.00 130.00  0.00 120.00  0.00 125.00  0.00 45.06959 
4  120.00  0.00 225.00  0.00 155.00  0.00 190.00  0.00 2.00398 
4  120.00  0.00 210.00  0.00 150.00  0.00 180.00  0.00 2.11466 
4  120.00  0.00 195.00  0.00 145.00  0.00 170.00  0.00 2.29315 
4  120.00  0.00 180.00  0.00 140.00  0.00 160.00  0.00 3.01413 
4  120.00  0.00 165.00  0.00 135.00  0.00 150.00  0.00 4.40400 
4  120.00  0.00 150.00  0.00 130.00  0.00 140.00  0.00 10.26940 
4  120.00  0.00 135.00  0.00 125.00  0.00 130.00  0.00 44.99815 
4  125.00  0.00 230.00  0.00 160.00  0.00 195.00  0.00 2.07911 
4  125.00  0.00 215.00  0.00 155.00  0.00 185.00  0.00 2.19384 
4  125.00  0.00 200.00  0.00 150.00  0.00 175.00  0.00 2.46262 
4  125.00  0.00 185.00  0.00 145.00  0.00 165.00  0.00 3.31978 
4  125.00  0.00 170.00  0.00 140.00  0.00 155.00  0.00 4.96800 
4  125.00  0.00 155.00  0.00 135.00  0.00 145.00  0.00 11.73038 
4  125.00  0.00 140.00  0.00 130.00  0.00 135.00  0.00 64.26756 
4  130.00  0.00 235.00  0.00 165.00  0.00 200.00  0.00 2.15698 
4  130.00  0.00 220.00  0.00 160.00  0.00 190.00  0.00 2.19391 
4  130.00  0.00 205.00  0.00 155.00  0.00 180.00  0.00 2.55937 
4  130.00  0.00 190.00  0.00 150.00  0.00 170.00  0.00 3.38033 
4  130.00  0.00 175.00  0.00 145.00  0.00 160.00  0.00 5.42002 
4  130.00  0.00 160.00  0.00 140.00  0.00 150.00  0.00 11.46612 
4  130.00  0.00 145.00  0.00 135.00  0.00 140.00  0.00 58.34572 
4  135.00  0.00 225.00  0.00 165.00  0.00 195.00  0.00 2.41322 
4  135.00  0.00 210.00  0.00 160.00  0.00 185.00  0.00 2.57814 
4  135.00  0.00 195.00  0.00 155.00  0.00 175.00  0.00 3.50746 
4  135.00  0.00 180.00  0.00 150.00  0.00 165.00  0.00 5.38393 
4  135.00  0.00 165.00  0.00 145.00  0.00 155.00  0.00 13.05095 
4  135.00  0.00 150.00  0.00 140.00  0.00 145.00  0.00 59.73228 
4  140.00  0.00 230.00  0.00 170.00  0.00 200.00  0.00 2.46584 
4  140.00  0.00 215.00  0.00 165.00  0.00 190.00  0.00 2.67663 
4  140.00  0.00 200.00  0.00 160.00  0.00 180.00  0.00 3.20583 
4  140.00  0.00 185.00  0.00 155.00  0.00 170.00  0.00 5.68294 
4  140.00  0.00 170.00  0.00 150.00  0.00 160.00  0.00 11.77426 
4  140.00  0.00 155.00  0.00 145.00  0.00 150.00  0.00 58.63718 
4  145.00  0.00 235.00  0.00 175.00  0.00 205.00  0.00 2.32349 
4  145.00  0.00 220.00  0.00 170.00  0.00 195.00  0.00 2.87598 
4  145.00  0.00 205.00  0.00 165.00  0.00 185.00  0.00 3.23465 
4  145.00  0.00 190.00  0.00 160.00  0.00 175.00  0.00 6.18134 
4  145.00  0.00 175.00  0.00 155.00  0.00 165.00  0.00 10.91043 
4  145.00  0.00 160.00  0.00 150.00  0.00 155.00  0.00 47.94724 
4  150.00  0.00 225.00  0.00 175.00  0.00 200.00  0.00 2.78177 
4  150.00  0.00 210.00  0.00 170.00  0.00 190.00  0.00 3.38004 
4  150.00  0.00 195.00  0.00 165.00  0.00 180.00  0.00 5.20150 
4  150.00  0.00 180.00  0.00 160.00  0.00 170.00  0.00 11.14809 
4  150.00  0.00 165.00  0.00 155.00  0.00 160.00  0.00 43.77439 
4  155.00  0.00 230.00  0.00 180.00  0.00 205.00  0.00 2.71950 
4  155.00  0.00 215.00  0.00 175.00  0.00 195.00  0.00 3.54470 
4  155.00  0.00 200.00  0.00 170.00  0.00 185.00  0.00 4.93948 
4  155.00  0.00 185.00  0.00 165.00  0.00 175.00  0.00 12.44473 
4  155.00  0.00 170.00  0.00 160.00  0.00 165.00  0.00 37.27088 
4  160.00  0.00 235.00  0.00 185.00  0.00 210.00  0.00 2.62053 
4  160.00  0.00 220.00  0.00 180.00  0.00 200.00  0.00 3.52351 
4  160.00  0.00 205.00  0.00 175.00  0.00 190.00  0.00 4.56619 
4  160.00  0.00 190.00  0.00 170.00  0.00 180.00  0.00 12.49606 
4  160.00  0.00 175.00  0.00 165.00  0.00 170.00  0.00 34.42786 
4  165.00  0.00 225.00  0.00 185.00  0.00 205.00  0.00 3.22911 
4  165.00  0.00 210.00  0.00 180.00  0.00 195.00  0.00 4.89930 
4  165.00  0.00 195.00  0.00 175.00  0.00 185.00  0.00 9.40808 
4  165.00  0.00 180.00  0.00 170.00  0.00 175.00  0.00 39.70044 
4  170.00  0.00 230.00  0.00 190.00  0.00 210.00  0.00 3.27559 
4  170.00  0.00 215.00  0.00 185.00  0.00 200.00  0.00 4.96398 
4  170.00  0.00 200.00  0.00 180.00  0.00 190.00  0.00 8.81701 
4  170.00  0.00 185.00  0.00 175.00  0.00 180.00  0.00 40.38974 
4  175.00  0.00 235.00  0.00 195.00  0.00 215.00  0.00 2.89808 
4  175.00  0.00 220.00  0.00 190.00  0.00 205.00  0.00 5.40303 
4  175.00  0.00 205.00  0.00 185.00  0.00 195.00  0.00 10.57419 
4  175.00  0.00 190.00  0.00 180.00  0.00 185.00  0.00 53.82708 
4  180.00  0.00 225.00  0.00 195.00  0.00 210.00  0.00 4.00380 
4  180.00  0.00 210.00  0.00 190.00  0.00 200.00  0.00 10.91233 
4  180.00  0.00 195.00  0.00 185.00  0.00 190.00  0.00 44.91835 
4  185.00  0.00 230.00  0.00 200.00  0.00 215.00  0.00 3.38774 
4  185.00  0.00 215.00  0.00 195.00  0.00 205.00  0.00 7.73508 
4  185.00  0.00 200.00  0.00 190.00  0.00 195.00  0.00 48.80529 
4  190.00  0.00 235.00  0.00 205.00  0.00 220.00  0.00 3.45779 
4  190.00  0.00 220.00  0.00 200.00  0.00 210.00  0.00 5.70569 
4  190.00  0.00 205.00  0.00 195.00  0.00 200.00  0.00 33.74781 
4  195.00  0.00 225.00  0.00 205.00  0.00 215.00  0.00 5.80886 
4  195.00  0.00 210.00  0.00 200.00  0.00 205.00  0.00 21.35045 
4  200.00  0.00 230.00  0.00 210.00  0.00 220.00  0.00 5.26091 
4  200.00  0.00 215.00  0.00 205.00  0.00 210.00  0.00 15.62979 
4  205.00  0.00 235.00  0.00 215.00  0.00 225.00  0.00 4.66476 
4  205.00  0.00 220.00  0.00 210.00  0.00 215.00  0.00 11.21417 
4  210.00  0.00 225.00  0.00 215.00  0.00 220.00  0.00 11.24400 
4  215.00  0.00 230.00  0.00 220.00  0.00 225.00  0.00 11.61114 
4  220.00  0.00 235.00  0.00 225.00  0.00 230.00  0.00 16.23137 
4  75.00  0.00 150.00  0.00 0.00  0.00 225.00  0.00 0.74112 
4  70.00  0.00 140.00  0.00 0.00  0.00 210.00  0.00 0.96011 
4  65.00  0.00 130.00  0.00 0.00  0.00 195.00  0.00 1.01589 
4  60.00  0.00 120.00  0.00 0.00  0.00 180.00  0.00 1.07223 
4  55.00  0.00 110.00  0.00 0.00  0.00 165.00  0.00 0.95760 
4  50.00  0.00 100.00  0.00 0.00  0.00 150.00  0.00 1.07124 
4  45.00  0.00 90.00  0.00 0.00  0.00 135.00  0.00 1.08794 
4  40.00  0.00 80.00  0.00 0.00  0.00 120.00  0.00 1.19818 
4  35.00  0.00 70.00  0.00 0.00  0.00 105.00  0.00 1.34866 
4  30.00  0.00 60.00  0.00 0.00  0.00 90.00  0.00 1.39531 
4  25.00  0.00 50.00  0.00 0.00  0.00 75.00  0.00 1.85300 
4  20.00  0.00 40.00  0.00 0.00  0.00 60.00  0.00 2.30382 
4  15.00  0.00 30.00  0.00 0.00  0.00 45.00  0.00 3.09344 
4  10.00  0.00 20.00  0.00 0.00  0.00 30.00  0.00 4.64662 
4  5.00  0.00 10.00  0.00 0.00  0.00 15.00  0.00 9.12780 
4  80.00  0.00 155.00  0.00 5.00  0.00 230.00  0.00 1.17807 
4  75.00  0.00 145.00  0.00 5.00  0.00 215.00  0.00 0.93520 
4  70.00  0.00 135.00  0.00 5.00  0.00 200.00  0.00 1.04567 
4  65.00  0.00 125.00  0.00 5.00  0.00 185.00  0.00 1.07110 
4  60.00  0.00 115.00  0.00 5.00  0.00 170.00  0.00 0.89867 
4  55.00  0.00 105.00  0.00 5.00  0.00 155.00  0.00 1.04634 
4  50.00  0.00 95.00  0.00 5.00  0.00 140.00  0.00 1.18640 
4  45.00  0.00 85.00  0.00 5.00  0.00 125.00  0.00 1.23170 
4  40.00  0.00 75.00  0.00 5.00  0.00 110.00  0.00 1.45031 
4  35.00  0.00 65.00  0.00 5.00  0.00 95.00  0.00 1.57627 
4  30.00  0.00 55.00  0.00 5.00  0.00 80.00  0.00 1.68085 
4  25.00  0.00 45.00  0.00 5.00  0.00 65.00  0.00 2.31229 
4  20.00  0.00 35.00  0.00 5.00  0.00 50.00  0.00 2.65245 
4  15.00  0.00 25.00  0.00 5.00  0.00 35.00  0.00 5.05865 
4  10.00  0.00 15.00  0.00 5.00  0.00 20.00  0.00 10.79496 
4  85.00  0.00 160.00  0.00 10.00  0.00 235.00  0.00 1.74962 
4  80.00  0.00 150.00  0.00 10.00  0.00 220.00  0.00 1.17104 
4  75.00  0.00 140.00  0.00 10.00  0.00 205.00  0.00 0.98264 
4  70.00  0.00 130.00  0.00 10.00  0.00 190.00  0.00 1.12225 
4  65.00  0.00 120.00  0.00 10.00  0.00 175.00  0.00 1.10265 
4  60.00  0.00 110.00  0.00 10.00  0.00 160.00  0.00 1.04607 
4  55.00  0.00 100.00  0.00 10.00  0.00 145.00  0.00 1.12805 
4  50.00  0.00 90.00  0.00 10.00  0.00 130.00  0.00 1.23064 
4  45.00  0.00 80.00  0.00 10.00  0.00 115.00  0.00 1.46910 
4  40.00  0.00 70.00  0.00 10.00  0.00 100.00  0.00 1.46613 
4  35.00  0.00 60.00  0.00 10.00  0.00 85.00  0.00 1.63185 
4  30.00  0.00 50.00  0.00 10.00  0.00 70.00  0.00 2.05803 
4  25.00  0.00 40.00  0.00 10.00  0.00 55.00  0.00 2.73975 
4  20.00  0.00 30.00  0.00 10.00  0.00 40.00  0.00 4.89825 
4  15.00  0.00 20.00  0.00 10.00  0.00 25.00  0.00 21.19325 
4  85.00  0.00 155.00  0.00 15.00  0.00 225.00  0.00 1.59717 
4  80.00  0.00 145.00  0.00 15.00  0.00 210.00  0.00 0.99479 
4  75.00  0.00 135.00  0.00 15.00  0.00 195.00  0.00 0.98849 
4  70.00  0.00 125.00  0.00 15.00  0.00 180.00  0.00 1.20349 
4  65.00  0.00 115.00  0.00 15.00  0.00 165.00  0.00 1.14023 
4  60.00  0.00 105.00  0.00 15.00  0.00 150.00  0.00 1.17789 
4  55.00  0.00 95.00  0.00 15.00  0.00 135.00  0.00 1.14969 
4  50.00  0.00 85.00  0.00 15.00  0.00 120.00  0.00 1.32225 
4  45.00  0.00 75.00  0.00 15.00  0.00 105.00  0.00 1.53482 
4  40.00  0.00 65.00  0.00 15.00  0.00 90.00  0.00 1.62845 
4  35.00  0.00 55.00  0.00 15.00  0.00 75.00  0.00 2.16839 
4  30.00  0.00 45.00  0.00 15.00  0.00 60.00  0.00 2.78628 
4  25.00  0.00 35.00  0.00 15.00  0.00 45.00  0.00 4.30203 
4  20.00  0.00 25.00  0.00 15.00  0.00 30.00  0.00 13.30170 
4  90.00  0.00 160.00  0.00 20.00  0.00 230.00  0.00 1.14222 
4  85.00  0.00 150.00  0.00 20.00  0.00 215.00  0.00 1.08846 
4  80.00  0.00 140.00  0.00 20.00  0.00 200.00  0.00 1.13484 
4  75.00  0.00 130.00  0.00 20.00  0.00 185.00  0.00 0.98068 
4  70.00  0.00 120.00  0.00 20.00  0.00 170.00  0.00 1.25427 
4  65.00  0.00 110.00  0.00 20.00  0.00 155.00  0.00 1.14531 
4  60.00  0.00 100.00  0.00 20.00  0.00 140.00  0.00 1.27086 
4  55.00  0.00 90.00  0.00 20.00  0.00 125.00  0.00 1.29773 
4  50.00  0.00 80.00  0.00 20.00  0.00 110.00  0.00 1.64592 
4  45.00  0.00 70.00  0.00 20.00  0.00 95.00  0.00 1.62160 
4  40.00  0.00 60.00  0.00 20.00  0.00 80.00  0.00 1.91298 
4  35.00  0.00 50.00  0.00 20.00  0.00 65.00  0.00 2.90883 
4  30.00  0.00 40.00  0.00 20.00  0.00 50.00  0.00 4.16124 
4  25.00  0.00 30.00  0.00 20.00  0.00 35.00  0.00 24.35566 
4  95.00  0.00 165.00  0.00 25.00  0.00 235.00  0.00 1.44633 
4  90.00  0.00 155.00  0.00 25.00  0.00 220.00  0.00 1.10711 
4  85.00  0.00 145.00  0.00 25.00  0.00 205.00  0.00 1.24540 
4  80.00  0.00 135.00  0.00 25.00  0.00 190.00  0.00 1.25167 
4  75.00  0.00 125.00  0.00 25.00  0.00 175.00  0.00 1.25070 
4  70.00  0.00 115.00  0.00 25.00  0.00 160.00  0.00 1.28537 
4  65.00  0.00 105.00  0.00 25.00  0.00 145.00  0.00 1.16398 
4  60.00  0.00 95.00  0.00 25.00  0.00 130.00  0.00 1.39840 
4  55.00  0.00 85.00  0.00 25.00  0.00 115.00  0.00 1.67401 
4  50.00  0.00 75.00  0.00 25.00  0.00 100.00  0.00 1.72122 
4  45.00  0.00 65.00  0.00 25.00  0.00 85.00  0.00 1.98605 
4  40.00  0.00 55.00  0.00 25.00  0.00 70.00  0.00 3.01471 
4  35.00  0.00 45.00  0.00 25.00  0.00 55.00  0.00 4.92569 
4  30.00  0.00 35.00  0.00 25.00  0.00 40.00  0.00 9.07894 
4  95.00  0.00 160.00  0.00 30.00  0.00 225.00  0.00 0.73092 
4  90.00  0.00 150.00  0.00 30.00  0.00 210.00  0.00 1.30761 
4  85.00  0.00 140.00  0.00 30.00  0.00 195.00  0.00 1.29490 
4  80.00  0.00 130.00  0.00 30.00  0.00 180.00  0.00 1.30392 
4  75.00  0.00 120.00  0.00 30.00  0.00 165.00  0.00 1.34976 
4  70.00  0.00 110.00  0.00 30.00  0.00 150.00  0.00 1.33102 
4  65.00  0.00 100.00  0.00 30.00  0.00 135.00  0.00 1.31925 
4  60.00  0.00 90.00  0.00 30.00  0.00 120.00  0.00 1.69780 
4  55.00  0.00 80.00  0.00 30.00  0.00 105.00  0.00 1.90117 
4  50.00  0.00 70.00  0.00 30.00  0.00 90.00  0.00 1.91784 
4  45.00  0.00 60.00  0.00 30.00  0.00 75.00  0.00 2.49262 
4  40.00  0.00 50.00  0.00 30.00  0.00 60.00  0.00 5.00660 
4  35.00  0.00 40.00  0.00 30.00  0.00 45.00  0.00 15.14090 
4  100.00  0.00 165.00  0.00 35.00  0.00 230.00  0.00 0.97220 
4  95.00  0.00 155.00  0.00 35.00  0.00 215.00  0.00 1.20772 
4  90.00  0.00 145.00  0.00 35.00  0.00 200.00  0.00 1.36939 
4  85.00  0.00 135.00  0.00 35.00  0.00 185.00  0.00 1.36964 
4  80.00  0.00 125.00  0.00 35.00  0.00 170.00  0.00 1.43084 
4  75.00  0.00 115.00  0.00 35.00  0.00 155.00  0.00 1.35822 
4  70.00  0.00 105.00  0.00 35.00  0.00 140.00  0.00 1.41019 
4  65.00  0.00 95.00  0.00 35.00  0.00 125.00  0.00 1.53636 
4  60.00  0.00 85.00  0.00 35.00  0.00 110.00  0.00 2.03330 
4  55.00  0.00 75.00  0.00 35.00  0.00 95.00  0.00 2.02013 
4  50.00  0.00 65.00  0.00 35.00  0.00 80.00  0.00 2.58262 
4  45.00  0.00 55.00  0.00 35.00  0.00 65.00  0.00 3.92123 
4  40.00  0.00 45.00  0.00 35.00  0.00 50.00  0.00 10.78911 
4  105.00  0.00 170.00  0.00 40.00  0.00 235.00  0.00 1.04095 
4  100.00  0.00 160.00  0.00 40.00  0.00 220.00  0.00 1.17199 
4  95.00  0.00 150.00  0.00 40.00  0.00 205.00  0.00 1.25588 
4  90.00  0.00 140.00  0.00 40.00  0.00 190.00  0.00 1.32426 
4  85.00  0.00 130.00  0.00 40.00  0.00 175.00  0.00 1.46214 
4  80.00  0.00 120.00  0.00 40.00  0.00 160.00  0.00 1.39993 
4  75.00  0.00 110.00  0.00 40.00  0.00 145.00  0.00 1.41790 
4  70.00  0.00 100.00  0.00 40.00  0.00 130.00  0.00 1.59413 
4  65.00  0.00 90.00  0.00 40.00  0.00 115.00  0.00 2.11410 
4  60.00  0.00 80.00  0.00 40.00  0.00 100.00  0.00 2.37323 
4  55.00  0.00 70.00  0.00 40.00  0.00 85.00  0.00 2.46038 
4  50.00  0.00 60.00  0.00 40.00  0.00 70.00  0.00 4.28965 
4  45.00  0.00 50.00  0.00 40.00  0.00 55.00  0.00 10.07275 
4  105.00  0.00 165.00  0.00 45.00  0.00 225.00  0.00 1.26549 
4  100.00  0.00 155.00  0.00 45.00  0.00 210.00  0.00 1.27837 
4  95.00  0.00 145.00  0.00 45.00  0.00 195.00  0.00 1.28248 
4  90.00  0.00 135.00  0.00 45.00  0.00 180.00  0.00 1.45646 
4  85.00  0.00 125.00  0.00 45.00  0.00 165.00  0.00 1.54120 
4  80.00  0.00 115.00  0.00 45.00  0.00 150.00  0.00 1.45495 
4  75.00  0.00 105.00  0.00 45.00  0.00 135.00  0.00 1.56591 
4  70.00  0.00 95.00  0.00 45.00  0.00 120.00  0.00 2.02776 
4  65.00  0.00 85.00  0.00 45.00  0.00 105.00  0.00 2.43532 
4  60.00  0.00 75.00  0.00 45.00  0.00 90.00  0.00 3.15057 
4  55.00  0.00 65.00  0.00 45.00  0.00 75.00  0.00 4.87870 
4  50.00  0.00 55.00  0.00 45.00  0.00 60.00  0.00 11.65956 
4  110.00  0.00 170.00  0.00 50.00  0.00 230.00  0.00 1.27796 
4  105.00  0.00 160.00  0.00 50.00  0.00 215.00  0.00 1.39073 
4  100.00  0.00 150.00  0.00 50.00  0.00 200.00  0.00 1.23229 
4  95.00  0.00 140.00  0.00 50.00  0.00 185.00  0.00 1.45509 
4  90.00  0.00 130.00  0.00 50.00  0.00 170.00  0.00 1.58490 
4  85.00  0.00 120.00  0.00 50.00  0.00 155.00  0.00 1.75115 
4  80.00  0.00 110.00  0.00 50.00  0.00 140.00  0.00 1.47747 
4  75.00  0.00 100.00  0.00 50.00  0.00 125.00  0.00 1.93017 
4  70.00  0.00 90.00  0.00 50.00  0.00 110.00  0.00 2.95791 
4  65.00  0.00 80.00  0.00 50.00  0.00 95.00  0.00 3.15266 
4  60.00  0.00 70.00  0.00 50.00  0.00 80.00  0.00 4.80604 
4  55.00  0.00 60.00  0.00 50.00  0.00 65.00  0.00 6.69586 
4  115.00  0.00 175.00  0.00 55.00  0.00 235.00  0.00 1.41484 
4  110.00  0.00 165.00  0.00 55.00  0.00 220.00  0.00 1.36758 
4  105.00  0.00 155.00  0.00 55.00  0.00 205.00  0.00 1.38882 
4  100.00  0.00 145.00  0.00 55.00  0.00 190.00  0.00 1.40828 
4  95.00  0.00 135.00  0.00 55.00  0.00 175.00  0.00 1.61836 
4  90.00  0.00 125.00  0.00 55.00  0.00 160.00  0.00 1.67599 
4  85.00  0.00 115.00  0.00 55.00  0.00 145.00  0.00 1.69919 
4  80.00  0.00 105.00  0.00 55.00  0.00 130.00  0.00 1.81210 
4  75.00  0.00 95.00  0.00 55.00  0.00 115.00  0.00 2.76333 
4  70.00  0.00 85.00  0.00 55.00  0.00 100.00  0.00 3.22333 
4  65.00  0.00 75.00  0.00 55.00  0.00 85.00  0.00 4.94783 
4  60.00  0.00 65.00  0.00 55.00  0.00 70.00  0.00 10.99015 
4  115.00  0.00 170.00  0.00 60.00  0.00 225.00  0.00 1.44121 
4  110.00  0.00 160.00  0.00 60.00  0.00 210.00  0.00 1.52967 
4  105.00  0.00 150.00  0.00 60.00  0.00 195.00  0.00 1.45272 
4  100.00  0.00 140.00  0.00 60.00  0.00 180.00  0.00 1.53383 
4  95.00  0.00 130.00  0.00 60.00  0.00 165.00  0.00 1.92267 
4  90.00  0.00 120.00  0.00 60.00  0.00 150.00  0.00 1.72699 
4  85.00  0.00 110.00  0.00 60.00  0.00 135.00  0.00 1.59336 
4  80.00  0.00 100.00  0.00 60.00  0.00 120.00  0.00 2.28106 
4  75.00  0.00 90.00  0.00 60.00  0.00 105.00  0.00 3.31470 
4  70.00  0.00 80.00  0.00 60.00  0.00 90.00  0.00 4.77842 
4  65.00  0.00 70.00  0.00 60.00  0.00 75.00  0.00 8.29231 
4  120.00  0.00 175.00  0.00 65.00  0.00 230.00  0.00 1.37155 
4  115.00  0.00 165.00  0.00 65.00  0.00 215.00  0.00 1.45651 
4  110.00  0.00 155.00  0.00 65.00  0.00 200.00  0.00 1.48408 
4  105.00  0.00 145.00  0.00 65.00  0.00 185.00  0.00 2.07318 
4  100.00  0.00 135.00  0.00 65.00  0.00 170.00  0.00 1.78146 
4  95.00  0.00 125.00  0.00 65.00  0.00 155.00  0.00 2.08190 
4  90.00  0.00 115.00  0.00 65.00  0.00 140.00  0.00 1.79420 
4  85.00  0.00 105.00  0.00 65.00  0.00 125.00  0.00 2.18421 
4  80.00  0.00 95.00  0.00 65.00  0.00 110.00  0.00 3.70576 
4  75.00  0.00 85.00  0.00 65.00  0.00 95.00  0.00 5.11934 
4  70.00  0.00 75.00  0.00 65.00  0.00 80.00  0.00 12.64270 
4  125.00  0.00 180.00  0.00 70.00  0.00 235.00  0.00 1.54806 
4  120.00  0.00 170.00  0.00 70.00  0.00 220.00  0.00 1.41233 
4  115.00  0.00 160.00  0.00 70.00  0.00 205.00  0.00 1.53885 
4  110.00  0.00 150.00  0.00 70.00  0.00 190.00  0.00 1.82657 
4  105.00  0.00 140.00  0.00 70.00  0.00 175.00  0.00 1.96289 
4  100.00  0.00 130.00  0.00 70.00  0.00 160.00  0.00 2.01078 
4  95.00  0.00 120.00  0.00 70.00  0.00 145.00  0.00 2.14901 
4  90.00  0.00 110.00  0.00 70.00  0.00 130.00  0.00 1.88535 
4  85.00  0.00 100.00  0.00 70.00  0.00 115.00  0.00 3.86189 
4  80.00  0.00 90.00  0.00 70.00  0.00 100.00  0.00 4.96555 
4  75.00  0.00 80.00  0.00 70.00  0.00 85.00  0.00 11.36130 
4  125.00  0.00 175.00  0.00 75.00  0.00 225.00  0.00 1.54369 
4  120.00  0.00 165.00  0.00 75.00  0.00 210.00  0.00 -261.86708 
4  115.00  0.00 155.00  0.00 75.00  0.00 195.00  0.00 1.73876 
4  110.00  0.00 145.00  0.00 75.00  0.00 180.00  0.00 2.04521 
4  105.00  0.00 135.00  0.00 75.00  0.00 165.00  0.00 159.26418 
4  100.00  0.00 125.00  0.00 75.00  0.00 150.00  0.00 2.44510 
4  95.00  0.00 115.00  0.00 75.00  0.00 135.00  0.00 2.23058 
4  90.00  0.00 105.00  0.00 75.00  0.00 120.00  0.00 2.94013 
4  85.00  0.00 95.00  0.00 75.00  0.00 105.00  0.00 5.66347 
4  80.00  0.00 85.00  0.00 75.00  0.00 90.00  0.00 10.65346 
4  130.00  0.00 180.00  0.00 80.00  0.00 230.00  0.00 1.72650 
4  125.00  0.00 170.00  0.00 80.00  0.00 215.00  0.00 1.44537 
4  120.00  0.00 160.00  0.00 80.00  0.00 200.00  0.00 1.58735 
4  115.00  0.00 150.00  0.00 80.00  0.00 185.00  0.00 2.00644 
4  110.00  0.00 140.00  0.00 80.00  0.00 170.00  0.00 2.34085 
4  105.00  0.00 130.00  0.00 80.00  0.00 155.00  0.00 2.63222 
4  100.00  0.00 120.00  0.00 80.00  0.00 140.00  0.00 2.57318 
4  95.00  0.00 110.00  0.00 80.00  0.00 125.00  0.00 2.76302 
4  90.00  0.00 100.00  0.00 80.00  0.00 110.00  0.00 6.12628 
4  85.00  0.00 90.00  0.00 80.00  0.00 95.00  0.00 13.24680 
4  135.00  0.00 185.00  0.00 85.00  0.00 235.00  0.00 2.06223 
4  130.00  0.00 175.00  0.00 85.00  0.00 220.00  0.00 1.57251 
4  125.00  0.00 165.00  0.00 85.00  0.00 205.00  0.00 -2463.37046 
4  120.00  0.00 155.00  0.00 85.00  0.00 190.00  0.00 1.75533 
4  115.00  0.00 145.00  0.00 85.00  0.00 175.00  0.00 2.25955 
4  110.00  0.00 135.00  0.00 85.00  0.00 160.00  0.00 2.81975 
4  105.00  0.00 125.00  0.00 85.00  0.00 145.00  0.00 3.20527 
4  100.00  0.00 115.00  0.00 85.00  0.00 130.00  0.00 3.03122 
4  95.00  0.00 105.00  0.00 85.00  0.00 115.00  0.00 7.22462 
4  90.00  0.00 95.00  0.00 85.00  0.00 100.00  0.00 8.89641 
4  135.00  0.00 180.00  0.00 90.00  0.00 225.00  0.00 1.70304 
4  130.00  0.00 170.00  0.00 90.00  0.00 210.00  0.00 1.56915 
4  125.00  0.00 160.00  0.00 90.00  0.00 195.00  0.00 1.77007 
4  120.00  0.00 150.00  0.00 90.00  0.00 180.00  0.00 2.02418 
4  115.00  0.00 140.00  0.00 90.00  0.00 165.00  0.00 45.21137 
4  110.00  0.00 130.00  0.00 90.00  0.00 150.00  0.00 3.65498 
4  105.00  0.00 120.00  0.00 90.00  0.00 135.00  0.00 3.97836 
4  100.00  0.00 110.00  0.00 90.00  0.00 120.00  0.00 5.24657 
4  95.00  0.00 100.00  0.00 90.00  0.00 105.00  0.00 13.58666 
4  140.00  0.00 185.00  0.00 95.00  0.00 230.00  0.00 1.22308 
4  135.00  0.00 175.00  0.00 95.00  0.00 215.00  0.00 1.58616 
4  130.00  0.00 165.00  0.00 95.00  0.00 200.00  0.00 -311.68346 
4  125.00  0.00 155.00  0.00 95.00  0.00 185.00  0.00 2.04802 
4  120.00  0.00 145.00  0.00 95.00  0.00 170.00  0.00 2.42299 
4  115.00  0.00 135.00  0.00 95.00  0.00 155.00  0.00 3.82158 
4  110.00  0.00 125.00  0.00 95.00  0.00 140.00  0.00 4.98422 
4  105.00  0.00 115.00  0.00 95.00  0.00 125.00  0.00 6.04342 
4  100.00  0.00 105.00  0.00 95.00  0.00 110.00  0.00 14.70174 
4  145.00  0.00 190.00  0.00 100.00  0.00 235.00  0.00 1.71750 
4  140.00  0.00 180.00  0.00 100.00  0.00 220.00  0.00 1.60070 
4  135.00  0.00 170.00  0.00 100.00  0.00 205.00  0.00 1.63859 
4  130.00  0.00 160.00  0.00 100.00  0.00 190.00  0.00 2.01522 
4  125.00  0.00 150.00  0.00 100.00  0.00 175.00  0.00 2.23461 
4  120.00  0.00 140.00  0.00 100.00  0.00 160.00  0.00 3.20871 
4  115.00  0.00 130.00  0.00 100.00  0.00 145.00  0.00 5.90788 
4  110.00  0.00 120.00  0.00 100.00  0.00 130.00  0.00 9.21704 
4  105.00  0.00 110.00  0.00 100.00  0.00 115.00  0.00 24.30411 
4  145.00  0.00 185.00  0.00 105.00  0.00 225.00  0.00 1.33968 
4  140.00  0.00 175.00  0.00 105.00  0.00 210.00  0.00 1.71927 
4  135.00  0.00 165.00  0.00 105.00  0.00 195.00  0.00 855.09630 
4  130.00  0.00 155.00  0.00 105.00  0.00 180.00  0.00 2.28429 
4  125.00  0.00 145.00  0.00 105.00  0.00 165.00  0.00 261.80168 
4  120.00  0.00 135.00  0.00 105.00  0.00 150.00  0.00 4.86106 
4  115.00  0.00 125.00  0.00 105.00  0.00 135.00  0.00 12.00780 
4  110.00  0.00 115.00  0.00 105.00  0.00 120.00  0.00 25.02439 
4  150.00  0.00 190.00  0.00 110.00  0.00 230.00  0.00 1.93438 
4  145.00  0.00 180.00  0.00 110.00  0.00 215.00  0.00 1.82846 
4  140.00  0.00 170.00  0.00 110.00  0.00 200.00  0.00 1.72037 
4  135.00  0.00 160.00  0.00 110.00  0.00 185.00  0.00 2.15487 
4  130.00  0.00 150.00  0.00 110.00  0.00 170.00  0.00 2.83574 
4  125.00  0.00 140.00  0.00 110.00  0.00 155.00  0.00 4.62410 
4  120.00  0.00 130.00  0.00 110.00  0.00 140.00  0.00 9.79736 
4  115.00  0.00 120.00  0.00 110.00  0.00 125.00  0.00 39.72925 
4  155.00  0.00 195.00  0.00 115.00  0.00 235.00  0.00 1.90688 
4  150.00  0.00 185.00  0.00 115.00  0.00 220.00  0.00 1.81065 
4  145.00  0.00 175.00  0.00 115.00  0.00 205.00  0.00 1.99354 
4  140.00  0.00 165.00  0.00 115.00  0.00 190.00  0.00 0.00 
4  135.00  0.00 155.00  0.00 115.00  0.00 175.00  0.00 2.76591 
4  130.00  0.00 145.00  0.00 115.00  0.00 160.00  0.00 4.34003 
4  125.00  0.00 135.00  0.00 115.00  0.00 145.00  0.00 13.70193 
4  120.00  0.00 125.00  0.00 115.00  0.00 130.00  0.00 45.16856 
4  155.00  0.00 190.00  0.00 120.00  0.00 225.00  0.00 2.38754 
4  150.00  0.00 180.00  0.00 120.00  0.00 210.00  0.00 2.04866 
4  145.00  0.00 170.00  0.00 120.00  0.00 195.00  0.00 2.21413 
4  140.00  0.00 160.00  0.00 120.00  0.00 180.00  0.00 3.14718 
4  135.00  0.00 150.00  0.00 120.00  0.00 165.00  0.00 37.82990 
4  130.00  0.00 140.00  0.00 120.00  0.00 150.00  0.00 10.51688 
4  125.00  0.00 130.00  0.00 120.00  0.00 135.00  0.00 45.28184 
4  160.00  0.00 195.00  0.00 125.00  0.00 230.00  0.00 2.21124 
4  155.00  0.00 185.00  0.00 125.00  0.00 215.00  0.00 2.23219 
4  150.00  0.00 175.00  0.00 125.00  0.00 200.00  0.00 2.37439 
4  145.00  0.00 165.00  0.00 125.00  0.00 185.00  0.00 -3800.13390 
4  140.00  0.00 155.00  0.00 125.00  0.00 170.00  0.00 5.01505 
4  135.00  0.00 145.00  0.00 125.00  0.00 155.00  0.00 12.94536 
4  130.00  0.00 135.00  0.00 125.00  0.00 140.00  0.00 64.72605 
4  165.00  0.00 200.00  0.00 130.00  0.00 235.00  0.00 0.00 
4  160.00  0.00 190.00  0.00 130.00  0.00 220.00  0.00 2.33737 
4  155.00  0.00 180.00  0.00 130.00  0.00 205.00  0.00 2.55669 
4  150.00  0.00 170.00  0.00 130.00  0.00 190.00  0.00 3.35712 
4  145.00  0.00 160.00  0.00 130.00  0.00 175.00  0.00 5.37439 
4  140.00  0.00 150.00  0.00 130.00  0.00 160.00  0.00 12.15880 
4  135.00  0.00 140.00  0.00 130.00  0.00 145.00  0.00 58.19407 
4  165.00  0.00 195.00  0.00 135.00  0.00 225.00  0.00 -9168.49711 
4  160.00  0.00 185.00  0.00 135.00  0.00 210.00  0.00 2.64228 
4  155.00  0.00 175.00  0.00 135.00  0.00 195.00  0.00 3.53980 
4  150.00  0.00 165.00  0.00 135.00  0.00 180.00  0.00 -323.31375 
4  145.00  0.00 155.00  0.00 135.00  0.00 165.00  0.00 110.47266 
4  140.00  0.00 145.00  0.00 135.00  0.00 150.00  0.00 60.00632 
4  170.00  0.00 200.00  0.00 140.00  0.00 230.00  0.00 2.56241 
4  165.00  0.00 190.00  0.00 140.00  0.00 215.00  0.00 -2784.08816 
4  160.00  0.00 180.00  0.00 140.00  0.00 200.00  0.00 3.23196 
4  155.00  0.00 170.00  0.00 140.00  0.00 185.00  0.00 5.62453 
4  150.00  0.00 160.00  0.00 140.00  0.00 170.00  0.00 12.43739 
4  145.00  0.00 150.00  0.00 140.00  0.00 155.00  0.00 58.64588 
4  175.00  0.00 205.00  0.00 145.00  0.00 235.00  0.00 2.80160 
4  170.00  0.00 195.00  0.00 145.00  0.00 220.00  0.00 2.89149 
4  165.00  0.00 185.00  0.00 145.00  0.00 205.00  0.00 0.00 
4  160.00  0.00 175.00  0.00 145.00  0.00 190.00  0.00 6.11352 
4  155.00  0.00 165.00  0.00 145.00  0.00 175.00  0.00 -816.43293 
4  150.00  0.00 155.00  0.00 145.00  0.00 160.00  0.00 48.08642 
4  175.00  0.00 200.00  0.00 150.00  0.00 225.00  0.00 3.05271 
4  170.00  0.00 190.00  0.00 150.00  0.00 210.00  0.00 3.36545 
4  165.00  0.00 180.00  0.00 150.00  0.00 195.00  0.00 3973.60290 
4  160.00  0.00 170.00  0.00 150.00  0.00 180.00  0.00 11.23828 
4  155.00  0.00 160.00  0.00 150.00  0.00 165.00  0.00 230.71309 
4  180.00  0.00 205.00  0.00 155.00  0.00 230.00  0.00 2.86617 
4  175.00  0.00 195.00  0.00 155.00  0.00 215.00  0.00 3.52276 
4  170.00  0.00 185.00  0.00 155.00  0.00 200.00  0.00 4.92645 
4  165.00  0.00 175.00  0.00 155.00  0.00 185.00  0.00 2397.86900 
4  160.00  0.00 165.00  0.00 155.00  0.00 170.00  0.00 0.00 
4  185.00  0.00 210.00  0.00 160.00  0.00 235.00  0.00 2.63261 
4  180.00  0.00 200.00  0.00 160.00  0.00 220.00  0.00 3.52157 
4  175.00  0.00 190.00  0.00 160.00  0.00 205.00  0.00 4.50687 
4  170.00  0.00 180.00  0.00 160.00  0.00 190.00  0.00 13.12832 
4  165.00  0.00 170.00  0.00 160.00  0.00 175.00  0.00 184.43232 
4  185.00  0.00 205.00  0.00 165.00  0.00 225.00  0.00 -10.67924 
4  180.00  0.00 195.00  0.00 165.00  0.00 210.00  0.00 -195.00818 
4  175.00  0.00 185.00  0.00 165.00  0.00 195.00  0.00 84.80590 
4  170.00  0.00 175.00  0.00 165.00  0.00 180.00  0.00 -90.43837 
4  190.00  0.00 210.00  0.00 170.00  0.00 230.00  0.00 3.48671 
4  185.00  0.00 200.00  0.00 170.00  0.00 215.00  0.00 4.92956 
4  180.00  0.00 190.00  0.00 170.00  0.00 200.00  0.00 9.91956 
4  175.00  0.00 180.00  0.00 170.00  0.00 185.00  0.00 40.43565 
4  195.00  0.00 215.00  0.00 175.00  0.00 235.00  0.00 2.98443 
4  190.00  0.00 205.00  0.00 175.00  0.00 220.00  0.00 5.54372 
4  185.00  0.00 195.00  0.00 175.00  0.00 205.00  0.00 11.66553 
4  180.00  0.00 185.00  0.00 175.00  0.00 190.00  0.00 54.01444 
4  195.00  0.00 210.00  0.00 180.00  0.00 225.00  0.00 4.29811 
4  190.00  0.00 200.00  0.00 180.00  0.00 210.00  0.00 10.98739 
4  185.00  0.00 190.00  0.00 180.00  0.00 195.00  0.00 45.07120 
4  200.00  0.00 215.00  0.00 185.00  0.00 230.00  0.00 3.68116 
4  195.00  0.00 205.00  0.00 185.00  0.00 215.00  0.00 8.10901 
4  190.00  0.00 195.00  0.00 185.00  0.00 200.00  0.00 48.89045 
4  205.00  0.00 220.00  0.00 190.00  0.00 235.00  0.00 3.63397 
4  200.00  0.00 210.00  0.00 190.00  0.00 220.00  0.00 5.87371 
4  195.00  0.00 200.00  0.00 190.00  0.00 205.00  0.00 33.78805 
4  205.00  0.00 215.00  0.00 195.00  0.00 225.00  0.00 6.43446 
4  200.00  0.00 205.00  0.00 195.00  0.00 210.00  0.00 21.67440 
4  210.00  0.00 220.00  0.00 200.00  0.00 230.00  0.00 5.47072 
4  205.00  0.00 210.00  0.00 200.00  0.00 215.00  0.00 15.86170 
4  215.00  0.00 225.00  0.00 205.00  0.00 235.00  0.00 5.30147 
4  210.00  0.00 215.00  0.00 205.00  0.00 220.00  0.00 11.18307 
4  215.00  0.00 220.00  0.00 210.00  0.00 225.00  0.00 11.37541 
4  220.00  0.00 225.00  0.00 215.00  0.00 230.00  0.00 12.02213 
4  225.00  0.00 230.00  0.00 220.00  0.00 235.00  0.00 16.10949 
0
0
0
0
